====Nodes====
X,Y,NodeType,Name,Volume,TTR,ID
973,244,Enter,,60,0,1
986,166,Enter,,40,0,2
981,78,Enter,,100,0,3
815,244,Exit,,40,0,4
845,170,Exit,,15,0,5
849,75,Exit,,15,0,6
727,170,Default,,0,0,7
730,79,Default,,0,0,8
662,240,Exit,,25,0,9
564,172,Default,,0,0,10
558,69,Exit,,30,0,11
303,184,Exit,,20,0,12
184,189,Exit,,20,0,13
175,80,Exit,,35,0,14
424,179,Default,,0,0,15
417,74,Default,,0,0,16
====Pipes====
Length,Name,StartNodeID,EndNodeID,ID
20,,1,4,1
9,,2,5,2
14,,3,6,3
22,,6,8,4
6,,5,7,5
15,,4,9,6
40,,9,10,7
7,,7,10,8
32,,8,11,9
13,,7,8,10
1,,10,15,11
1,,11,16,12
49,,15,12,13
77,,16,14,14
1,,15,16,15
100,,12,13,16
====ICVs====
ID,Name,Node,Volume
1,,1,45
1,,2,15
1,,3,100
1,,4,30
1,,5,5
1,,6,15
1,,9,15
1,,11,30
1,,12,10
1,,13,20
1,,14,35
2,,1,15
2,,2,10
2,,4,10
2,,5,5
2,,9,5
2,,12,5
3,,2,15
3,,5,5
3,,9,5
3,,12,5
